4165 0  1.583530E+16
4165 1  1.764680E+16
4165 2  1.745390E+16
4165 3  1.770140E+16
4165 4  1.737010E+16
4165 5  2.059260E+14
4172 0  2.542420E+15
4172 1  3.083910E+15
4172 2  3.360700E+15
4172 3  3.731910E+15
4172 4  4.207630E+15
4172 5  3.063680E+15
4172 6  2.776840E+15
4173 0  6.815350E+15
4173 1  1.865860E+16
4173 2  1.853130E+16
4173 3  1.859380E+16
4173 4  1.879390E+16
4173 5  1.889500E+16
4173 6  1.852550E+16
4173 7  1.879990E+16
4173 8  1.055620E+16
4174 0  4.755860E+15
4174 1  1.887920E+16
4174 2  1.838870E+16
4175 0  1.822220E+16
4175 1  1.890300E+16
4175 2  1.661240E+15
4179 0  7.233980E+15
4179 1  1.657480E+16
4179 2  1.999920E+16
4179 3  1.796040E+16  
4200 0  6.367560E+15
4200 1  1.667480E+16
4200 4  1.882780E+16
4200 5  1.872430E+16
4200 6  1.874470E+16
4200 7  1.888610E+16
4200 8  1.915640E+16
4200 9  1.895540E+16
4200 10  1.863540E+16
4200 11  1.869680E+16
4200 12  1.853680E+16
4200 13  1.865420E+16
4200 14  1.840840E+16
4200 15  1.862100E+16
4200 16  1.880130E+16
4200 17  1.865410E+16
4200 18  1.881980E+16
4200 19  1.878090E+16
4200 20  1.896480E+16
4200 21  1.868680E+16
4200 22  1.886480E+16
4200 23  1.896970E+16
4200 24  1.873450E+16
4200 27  1.890120E+16
4200 28  1.614360E+16
4200 29  1.901980E+16
4200 30  1.924120E+16
4200 31  1.281080E+16
4202 0  2.662770E+15
4202 1  1.976860E+16
4202 2  1.994500E+16
4202 3  1.377960E+16
4202 4  1.992770E+16
4202 5  6.192190E+15
4210 0  7.055320E+14
4210 1  5.010270E+14
4211 0  1.817980E+16
4211 1  1.583730E+16
4211 2  1.265000E+16
4211 3  1.565530E+16
4211 4  1.434340E+16
4211 5  1.911580E+16
4211 6  1.673170E+16
4221 0  3.982160E+13
4221 1  3.407380E+15
4222 0  4.086640E+15
4222 1  1.784970E+16
4222 2  1.811300E+16
4222 3  1.819150E+16
4222 4  9.336850E+15
4222 5  1.383320E+16
4222 6  8.974710E+15
4367 0  2.896220E+15
4367 1  1.312420E+15
4367 2  3.202590E+14
4367 3  6.080430E+15
4402 2  4.459820E+13
4402 3  3.794530E+15
4402 4  6.525340E+15
4402 5  3.460180E+15
4402 7  1.175670E+16
4402 8  1.375510E+16
4402 10  1.369940E+16
4402 11  1.404030E+16
4402 12  1.397760E+16
4402 13  1.383160E+16
4402 20  1.391830E+16
4402 21  1.366140E+16
4402 22  1.378880E+16
4402 23  1.378490E+16
4402 24  1.362650E+16
4402 25  1.338030E+16
4402 26  1.365180E+16
4402 27  1.404960E+16
4402 28  1.355340E+16
4402 29  1.013200E+16
4402 30  1.367860E+16
4402 31  1.181310E+16
4402 32  1.160400E+16
4402 33  1.082240E+16
4402 34  1.227080E+16
4402 35  9.548050E+15
4402 36  1.071260E+16
4402 37  1.260910E+16
4402 38  1.043860E+16
4402 40  1.382950E+16
4402 41  1.343330E+16
4402 42  1.025630E+16
4403 0  7.298980E+15
4403 1  1.089760E+16
4403 2  1.502410E+16
4403 3  1.148170E+16
4403 4  1.387750E+16
4403 5  1.506040E+16
4403 6  1.486020E+16
4403 7  1.484710E+16
4403 8  1.513010E+16
4403 9  1.489150E+16
4403 10  1.463200E+16
4403 12  1.480770E+16
4403 13  9.576920E+15
4403 14  1.250000E+16
4403 15  1.463990E+16
4403 16  1.425060E+16
4403 17  3.065840E+15
4404 0  2.191620E+15
4404 1  1.022130E+16
4404 2  1.027050E+16
4404 3  1.009690E+16
4404 4  5.709980E+15
4406 1  4.354040E+15
4406 2  9.720120E+15
4406 3  9.736120E+15
4406 4  9.738920E+15
4406 5  9.855580E+15
4406 6  1.002730E+16
4406 7  4.624260E+15
4407 0  2.961430E+15
4407 1  1.252740E+16
4407 2  1.258850E+16
4407 3  1.374530E+16
4407 4  1.307370E+16
4407 5  1.364360E+16
4407 6  1.330760E+16
4407 7  1.342110E+16
4407 8  1.351790E+16
4407 9  9.422640E+15
4407 10  1.294970E+16
4407 11  1.278600E+16
4407 12  1.333290E+16
4407 13  1.343340E+16
4407 14  1.347010E+16
4407 15  1.302570E+16
4407 16  1.311080E+16
4407 17  1.325040E+16
4407 18  1.303700E+16
4407 19  1.344460E+16
4407 20  1.333220E+16
4407 21  1.330530E+16
4407 22  1.314000E+16
4407 23  1.307000E+16
4407 24  1.329180E+16
4407 25  1.255740E+16
4407 26  1.134570E+16
4407 27  1.309880E+16
4407 28  1.273430E+16
4407 29  1.263650E+16
4407 30  1.260950E+16
4407 31  1.254480E+16
4407 32  1.048840E+15
4408 1  4.749660E+14
4408 2  1.292170E+16
4408 3  1.384990E+16
4408 4  1.361860E+16
4408 5  1.288630E+16
4408 6  1.446410E+16
4408 7  9.944440E+14
4409 1  5.271420E+15
4409 2  1.311430E+16
4409 3  1.348060E+16
4409 4  1.310060E+16
4409 5  1.338510E+16
4409 6  1.332880E+16
4409 7  1.307610E+16
4409 8  1.319660E+16
4409 9  1.342510E+16
4409 10  1.366380E+16
4409 11  1.353390E+16
4409 12  1.345280E+16
4409 13  1.356970E+16
4409 14  1.368860E+16
4409 15  1.377080E+16
4409 16  1.377970E+16
4409 17  1.372970E+16
4409 18  1.370340E+16
4409 19  9.536680E+15
4409 20  1.280880E+16
4409 21  1.355440E+16
4409 22  1.347430E+16
4409 23  1.370300E+16
4409 24  1.317260E+16
4409 25  1.311130E+16
4409 26  1.305930E+16
4409 27  1.326560E+16
4409 28  1.316200E+16
4409 29  1.323190E+16
4409 30  1.367510E+16
4409 31  1.116550E+16
4409 32  1.352540E+16
4409 33  1.354450E+16
4409 34  1.335290E+16
4409 35  1.320350E+16
4409 36  1.323910E+16
4409 37  1.202700E+16
4409 38  1.316210E+16
4409 39  1.323810E+16
4409 40  1.315060E+16
4409 41  1.298220E+16
4409 42  1.292920E+16
4409 43  1.288180E+16
4410 0  4.688820E+15
4410 1  1.314100E+16
4410 2  1.296090E+16
4410 3  1.318510E+16
4410 4  1.332180E+16
4410 5  1.340610E+16
4410 6  1.346310E+16
4410 7  1.209810E+16
4410 8  0.000000E+00
4411 0  5.657090E+13
4411 1  1.280140E+16
4411 2  1.336720E+16
4411 3  1.135520E+16
4411 4  1.254100E+16
4411 5  1.311280E+16
4411 6  1.296810E+16
4411 7  1.270090E+16
4411 8  1.309030E+16
4411 9  1.278220E+16
4411 10  1.308050E+16
4411 11  1.277230E+16
4411 12  1.345610E+16
4411 13  1.371810E+16
4411 14  1.410490E+16
4411 15  3.880670E+15
4411 16  3.396950E+15
4411 17  4.890640E+15
4411 18  6.833220E+14
4411 19  1.807160E+15
4411 20  4.147740E+15
4411 21  8.547310E+15
4411 22  8.250810E+15
4411 23  8.155380E+15
4411 24  5.826750E+15
4411 25  8.733700E+15
4411 26  8.293480E+15
4411 27  8.213260E+15
4411 28  8.930590E+15
4411 29  8.668760E+15
4411 30  8.611690E+15
4411 31  8.553860E+15
4411 32  8.454180E+15
4411 33  8.682430E+15
4411 34  8.358550E+15
4411 35  7.910680E+15
4411 36  8.522580E+15
4411 37  8.352670E+15
4411 38  4.722190E+15
4412 0  9.716710E+14
4412 1  8.390020E+15
4412 2  8.506860E+15
4412 3  8.643920E+15
4412 4  8.575850E+15
4412 5  8.540530E+15
4412 6  8.629220E+15
4412 7  8.904330E+15
4412 8  8.851230E+15
4412 9  8.676550E+15
4412 10  8.309760E+15
4412 11  8.569290E+15
4412 12  8.541800E+15
4412 13  8.435510E+15
4412 14  8.598000E+15
4412 15  8.533340E+15
4412 16  8.636460E+15
4412 17  8.749930E+15
4412 18  7.671220E+15
4437 0  9.084630E+15
4437 1  1.685910E+16
4437 2  1.613410E+16
4437 3  4.404670E+15
4438 0  1.154730E+15
4438 1  8.928280E+15
4438 2  8.764380E+15
4438 3  9.211530E+15
4438 4  6.523070E+15
4438 5  1.034730E+16
4438 6  1.030100E+16
4438 7  1.036120E+16
4438 8  1.073810E+16
4438 9  1.012720E+16
4438 10  1.044810E+16
4438 11  8.990620E+15
4438 12  8.276080E+15
4438 13  9.114380E+15
4439 0  1.357650E+15
4439 1  1.008050E+16
4439 2  9.977430E+15
4439 3  1.069430E+16
4439 4  1.041780E+16
4439 5  1.031720E+16
4439 6  9.843570E+15
4439 7  1.047630E+16
4439 8  9.989190E+15
4439 9  8.829060E+15
4439 10  9.908740E+15
4439 11  4.261110E+15
4439 12  9.892490E+15
4439 13  9.949860E+15
4439 14  9.953380E+15
4439 15  8.880040E+15
4439 16  9.443900E+15
4439 17  9.134720E+15
4439 18  2.912440E+15
4442 2  9.290270E+15
4442 3  1.615950E+16
4442 4  1.627090E+16
4442 5  1.524740E+16
4443 1  1.480760E+16
4443 2  1.616640E+16
4443 3  1.568720E+16
4443 4  1.650400E+16
4443 5  1.626400E+16
4443 6  1.659590E+16
4443 7  1.636600E+16
4443 8  1.652680E+16
4443 9  1.635560E+16
4443 10  1.355810E+16
4444 0  1.113130E+16
4444 1  1.051860E+16
4444 2  2.840300E+15
4461 3  7.308920E+15
4461 4  2.038360E+16
4461 5  2.077340E+16
4461 6  1.974750E+16
4461 7  2.062570E+16
4461 8  1.931300E+16
4461 9  1.716510E+16
4461 10  2.179760E+16
4461 11  2.112920E+16
4461 12  2.147320E+16
4461 13  2.097920E+16
4461 14  2.028980E+16
4461 15  2.039780E+16
4461 16  2.162800E+16
4461 17  2.063040E+16
4461 18  2.057220E+16
4461 19  2.004030E+16
4461 20  1.991740E+16
4461 21  1.649250E+16
4461 22  2.130630E+16
4461 23  2.040540E+16
4461 24  2.171680E+16
4461 25  2.144480E+16
4461 26  2.086660E+16
4461 27  2.200520E+16
4461 28  2.267640E+16
4461 29  2.170100E+16
4461 30  1.625400E+15
4467 0  3.689330E+15
4467 1  1.664970E+16
4467 2  1.712550E+16
4467 3  1.708400E+16
4467 4  1.745240E+16
4467 5  1.699090E+16
4467 6  1.704500E+16
4467 7  1.703170E+16
4467 8  1.725270E+16
4467 9  1.735170E+16
4467 10  1.528410E+16
4467 11  1.158290E+16
4467 13  7.843950E+15
4467 14  1.525270E+16
4467 15  1.536820E+16
4467 16  1.530220E+16
4467 17  1.482110E+16
4467 18  1.498540E+16
4467 19  1.515350E+16
4467 20  1.507980E+16
4467 21  1.565270E+16
4467 22  1.511830E+16
4467 23  1.524410E+16
4467 24  1.480010E+16
4467 25  1.548900E+16
4467 26  1.535090E+16
4467 27  1.550330E+16
4467 28  1.542070E+16
4467 29  1.523250E+16
4467 30  1.578270E+16
4467 31  1.585310E+16
4467 32  1.234260E+16
4468 0  2.481200E+15
4468 1  4.178080E+15
4477 0  7.622640E+14
4477 1  1.081350E+16
4477 2  1.593660E+16
4477 3  1.558850E+16
4477 4  5.387090E+15
4477 5  1.434330E+16
4477 6  1.527890E+16
4477 7  1.596310E+16
4477 8  1.589100E+16
4477 9  1.613110E+16
4477 10  1.587740E+16
4477 11  1.553920E+16
4477 12  1.600880E+16
4477 13  1.558550E+16
4477 14  1.443060E+16
4477 15  1.585220E+16
4477 16  1.572510E+16
4477 17  9.189150E+15
4526 0  1.356760E+15
4526 1  9.073760E+15
4526 2  1.535720E+16
4526 3  1.517140E+16
4526 4  1.526920E+16
4526 5  1.496480E+16
4526 6  1.240440E+16
4528 0  5.097230E+15
4528 1  1.312620E+16
4528 2  1.337220E+16
4528 3  1.354610E+16
4528 4  1.339470E+16
4528 5  1.400710E+16
4528 6  1.313950E+16
4528 7  1.376560E+16
4528 8  1.349150E+16
4528 9  1.368910E+16
4528 10  1.381590E+16
4528 11  1.318950E+16
4528 12  1.384370E+16
4528 13  1.387010E+16
4528 14  1.362920E+16
4528 15  1.363140E+16
4528 16  1.361390E+16
4528 17  1.381710E+16
4528 18  1.362420E+16
4528 19  1.310650E+16
4528 20  1.318770E+16
4528 21  1.343490E+16
4528 22  1.346150E+16
4528 23  1.323320E+16
4528 24  1.357330E+16
4528 25  1.326160E+16
4528 26  1.357910E+16
4528 27  8.188480E+15
4529 0  5.191230E+15
4529 1  1.336510E+16
4529 2  1.355010E+16
4529 3  9.754320E+15
4529 4  4.198840E+15
4529 5  1.163610E+16
4529 6  1.482500E+16
4529 7  1.476760E+16
4529 8  1.471130E+16
4529 9  1.465420E+16
4529 10  6.373850E+15
4529 11  4.837860E+15
4529 12  1.242350E+16
4529 13  1.492810E+16
4529 14  1.473300E+16
4529 15  6.007500E+15
4529 16  8.087390E+15
4529 17  1.489240E+16
4529 18  1.166160E+16
4529 19  1.250520E+16
4529 20  7.420920E+15
4529 21  1.312390E+16
4529 22  1.329650E+16
4529 23  9.350410E+15
4529 24  7.020900E+15
4529 25  1.289750E+16
4529 26  1.478950E+16
4529 27  1.460000E+16
4529 28  2.501840E+15
4530 0  4.477630E+15
4530 1  1.701860E+16
4530 2  6.656560E+15
4530 3  1.168760E+16
4530 4  1.685110E+16
4530 5  1.684790E+16
4530 6  1.290000E+16
4530 7  1.397970E+15
4530 8  1.205960E+16
4530 9  1.514580E+16
4530 10  1.479720E+16
4530 11  7.716460E+15
4530 12  1.518510E+16
4530 13  1.463070E+16
4530 14  3.124010E+15
4531 0  3.179890E+15
4531 1  1.354660E+16
4531 2  7.065040E+14
4531 3  1.553760E+16
4531 4  1.566180E+16
4531 5  1.566460E+16
4531 6  1.230370E+16
4531 7  6.584830E+15
4531 8  1.467100E+16
4531 9  1.424990E+16
4531 10  1.553980E+16
4531 11  4.992430E+15
4531 12  1.527800E+16
4531 13  1.585500E+16
4531 14  7.916060E+14
4532 0  1.871250E+15
4532 1  1.512080E+16
4532 2  1.482110E+16
4532 3  6.435580E+15
4532 4  1.199640E+16
4532 5  1.514100E+16
4532 6  1.542320E+16
4532 7  5.759680E+15
4532 8  1.455630E+16
4532 9  1.525680E+16
4532 10  1.130130E+16
4533 0  9.441080E+15
4533 1  1.367360E+16
4533 2  1.391660E+16
4533 3  3.949090E+15
4533 4  1.424300E+16
4533 5  1.436310E+16
4533 6  5.419300E+15
4533 7  1.303070E+16
4533 8  1.428800E+16
4533 9  4.622540E+15
4533 10  9.603460E+15
4533 11  1.440920E+16
4533 12  1.432630E+16
4533 13  8.358610E+15
4534 1  1.310910E+13
4534 2  2.655900E+13
4534 4  6.749460E+13
4534 5  1.610760E+14
4534 6  1.346880E+14
4535 0  1.123950E+15
4535 1  8.332630E+15
4536 0  7.977560E+14
4536 1  1.724070E+16
4536 2  1.807980E+16
4536 3  1.797230E+16
4536 4  1.350360E+16
4536 5  1.421330E+16
4536 6  1.419240E+16
4536 7  9.769290E+13
4536 8  1.524870E+14
4536 9  4.260710E+14
4536 10  6.618520E+14
4536 11  5.762410E+14
4537 0  3.022920E+15
4537 1  1.242480E+16
4537 2  1.862940E+16
4537 3  1.837030E+16
4537 4  1.829960E+16
4537 5  1.595090E+16
4537 6  1.802480E+16
4537 7  1.558450E+16
4537 8  8.762950E+15
4537 9  1.513450E+16
4537 10  8.130330E+15
4537 11  1.557350E+16
4537 12  8.016580E+15
4537 13  1.561400E+16
4538 1  8.378650E+15
4538 2  1.750380E+16
4538 3  4.627500E+15
4538 4  1.765500E+16
4538 5  3.778340E+15
4539 0  3.022600E+15
4539 1  1.712230E+16
4539 2  4.999140E+15
4539 3  1.760600E+16
4539 4  8.223520E+15
4539 5  3.036090E+15
4539 6  1.132350E+16
4539 7  1.390220E+16
4539 8  1.416380E+16
4539 9  1.027190E+16
4539 10  6.748720E+15
4539 11  1.401300E+16
4539 12  1.445580E+16
4539 13  1.371460E+16
4539 14  1.415240E+16
4539 15  1.432290E+16
4539 16  6.722080E+15
4540 0  7.597300E+13
4540 1  1.370180E+16
4540 2  1.401520E+16
4540 3  1.418520E+16
4540 4  1.118750E+16
4540 5  3.848110E+13
4540 6  1.336700E+16
4540 7  6.749470E+15
4540 8  8.482310E+15
4540 9  6.540090E+14
4540 10  1.382890E+16
4540 11  1.393920E+16
4540 12  1.373030E+16
4540 13  1.360400E+16
4540 14  1.381940E+16
4540 15  4.220920E+15
4541 0  1.547350E+14
4541 1  1.387260E+16
4541 2  1.398040E+16
4541 3  1.425410E+16
4541 4  1.255690E+16
4541 5  1.436870E+16
4541 6  1.416970E+16
4541 7  1.397380E+16
4541 8  1.415140E+16
4541 9  1.413110E+16
4541 10  1.401530E+16
4541 11  1.358550E+16
4541 12  3.777480E+15
4541 13  1.386040E+16
4541 15  1.286750E+16
4541 16  1.391670E+16
4541 17  1.068960E+16
4541 18  8.473300E+15
4541 19  1.122560E+16
4541 20  1.303920E+16
4541 21  1.091340E+16
4541 22  1.025170E+16
4541 23  8.705120E+15
4541 24  1.339110E+16
4541 25  1.229760E+16
4541 26  1.109020E+16
4541 27  1.011980E+16
4541 28  1.344560E+16
4541 29  1.009280E+16
4541 30  1.365750E+16
4541 31  1.039950E+16
4541 32  1.237240E+16
4541 33  9.819750E+15
4541 34  1.360860E+16
4541 35  9.797240E+15
4541 36  1.361820E+16
4541 37  9.436320E+15
4542 0  2.215140E+15
4542 1  1.389160E+16
4542 2  1.097490E+16
4542 3  1.340250E+16
4542 4  1.291250E+16
4542 5  1.136010E+16
4542 6  1.384420E+16
4542 7  2.229900E+15
4542 8  4.293470E+15
4542 9  1.384910E+16
4542 10  1.391590E+16
4542 11  1.378500E+16
4542 12  1.388210E+16
4542 13  1.368130E+16
4542 14  1.381990E+16
4542 15  1.383650E+16
4542 16  8.054370E+15
4543 0  6.249280E+15
4543 1  7.109660E+14
4543 2  7.201700E+15
4543 3  1.429520E+16
4546 1  9.595770E+13
4546 2  1.161550E+14
4546 3  1.713330E+15
4546 4  5.699650E+15
4546 5  9.097600E+15
4546 6  9.098990E+15
4546 7  9.119190E+15
4546 8  9.026490E+15
4546 9  9.202190E+15
4546 10  9.175910E+15
4546 11  9.080820E+15
4546 12  9.133430E+15
4546 13  9.271390E+15
4546 14  8.952580E+15
4546 15  9.092470E+15
4546 16  9.090810E+15
4546 17  9.000450E+15
4546 18  8.918980E+15
4546 19  8.979000E+15
4546 20  9.117530E+15
4546 21  8.963740E+15
4546 22  8.929420E+15
4546 23  9.076300E+15
4546 24  8.865960E+15
4546 25	 9.033110E+15
4546 26	 8.822860E+15
4546 27	 8.760130E+15
4546 28	 9.019210E+15
4546 29	 8.904440E+15
4546 30	 8.758190E+15
4546 31  6.363050E+15
4671 1  5.791520E+15
4671 2  1.309160E+16
4671 3  1.316810E+16
4671 4  8.076700E+15
4671 5  1.313310E+16
4671 6  1.144130E+16
4671 7  1.345770E+16
4671 8  1.283050E+16
4671 9  1.341070E+16
4671 10	 1.285070E+16
4671 11	 1.013720E+16
4671 12	 1.299910E+16
4671 13	 1.299250E+16
4671 14	 1.325410E+16
4671 15	 1.205690E+16
4671 16	 1.321830E+16
4671 17	 1.288440E+16
4671 18	 1.331470E+16
4671 19	 1.216230E+16
4671 20	 1.224600E+16
4671 21	 1.284500E+16
4671 22	 1.117900E+16
4671 23	 1.107440E+16
4671 24	 1.297930E+16
4671 25	 1.273930E+16
4671 26	 1.292750E+16
4671 27	 1.268670E+16
4671 28	 1.247520E+16
4671 29	 1.248650E+16
4671 30	 1.244520E+16
4671 31	 1.122360E+16
4671 32	 1.258370E+16
4671 33	 1.167460E+16
4671 34	 1.205590E+16
4671 35	 1.229580E+16
4671 36	 1.245610E+16
4671 37	 1.211110E+16
4671 38	 1.140670E+16
4684 1  6.530190E+14
4684 2  3.895840E+15
4684 3  2.904320E+15
4684 4  5.417700E+15
4684 5  3.763530E+15
4684 6  8.615920E+15
4684 7  9.553620E+15
4684 8  1.068570E+16
4684 9  1.108840E+16
4684 10	 8.851680E+15
4684 11	 1.069660E+16
4684 12	 1.083890E+16
4684 13	 1.052440E+16
4684 15	 1.051070E+16
4684 16	 1.091170E+16
4684 17	 9.883940E+15
4684 18	 1.047780E+16
4684 19	 1.066390E+16
4684 20	 1.077340E+16
4684 21	 8.918170E+15
4684 22	 1.065630E+16
4684 23	 1.092540E+16
4684 24	 1.076800E+16
4684 25	 1.102410E+16
4684 26	 1.072090E+16
4684 27	 1.085920E+16
4684 28	 7.087010E+15
4684 29	 1.079780E+16
4684 30	 1.086300E+16
4684 31	 9.656880E+15
4684 32	 1.092770E+16
4684 33	 1.091970E+16
4684 34	 7.886100E+15
4684 35	 1.095260E+16
4684 36	 1.007870E+16
4684 37	 1.093500E+16
4684 38	 1.081710E+16
4684 39	 9.377210E+15
4684 40	 1.070800E+16
4684 41	 1.096480E+16
4684 42	 1.057680E+16
4684 43	 1.086880E+16
4684 44	 1.074850E+16
4684 45	 9.096190E+15
4684 46	 1.062120E+16
4684 47	 1.090700E+16
4684 48	 3.429920E+15
4684 49	 4.783340E+15
4684 50	 1.345280E+16
4684 51	 1.335510E+16
4684 52	 1.333860E+16
4684 53	 1.212340E+16
4684 54	 1.028520E+16
4684 55	 1.214850E+16
4684 56	 1.264490E+16
4684 57	 1.320490E+16
4684 58	 1.346840E+16
4684 59	 1.109930E+16
4684 60	 5.183310E+15
4684 61	 9.224340E+13
4684 62	 9.263040E+13
4684 63	 1.109240E+16
4684 64	 8.293710E+15
4684 65	 3.076050E+15
4684 66	 2.307370E+15
4684 67	 3.692080E+15
4685 2  2.247180E+15
4685 3  1.982220E+15
4685 4  3.832280E+15
4685 5  3.590030E+15
4685 6  4.240900E+15
4685 7  4.145660E+15
4685 8  4.129570E+15
4685 9  3.920550E+15
4685 10	 1.583470E+14
4685 11	 2.299690E+15
4685 12	 4.963500E+15
4685 13	 7.479980E+15
4685 14	 6.962580E+14
4685 15	 6.918410E+15
4685 16	 9.558260E+15
4685 17	 1.091950E+16
4685 18	 1.189530E+16
4685 19	 1.210490E+16
4685 20	 1.320320E+16
4685 21	 1.307630E+16
4685 22	 1.049920E+16
4685 23	 3.107080E+15
4685 24	 9.275890E+15
4685 25	 1.159320E+16
4685 26	 9.764520E+15
4685 27	 1.153930E+16
4685 28	 1.150360E+16
4685 29	 1.069170E+16
4685 30	 1.190810E+16
4685 31	 1.150440E+16
4685 32	 1.049800E+16
4685 33	 1.148800E+16
4685 34	 1.166300E+16
4685 35	 1.157380E+16
4685 36	 1.176260E+16
4685 37	 1.101990E+16
4685 38	 1.108700E+16
4685 39	 1.183840E+16
4685 40	 1.141520E+16
4685 41	 1.171350E+16
4685 42	 1.056680E+16
4685 43	 1.125250E+16
4685 44	 1.176740E+16
4685 45	 1.147340E+16
4685 46	 1.112690E+16
4685 47	 1.179440E+16
4685 48	 1.170080E+16
4685 49	 9.045130E+15
4685 50	 9.607770E+15
4685 51	 4.666010E+15
4685 52	 9.427350E+13
4686 1  8.286350E+13
4686 2  4.703420E+15
4686 3  1.256250E+16
4686 4  1.364560E+16
4686 5  1.072000E+16
4686 6  1.363490E+16
4686 7  1.375950E+16
4686 8  1.243270E+16
4686 9  1.247130E+16
4686 10	 1.377340E+16
4686 11	 8.209210E+15
4686 12	 1.361820E+16
4686 13	 1.258190E+16
4686 14	 1.393590E+16
4686 15	 1.788120E+15
4686 16	 1.880640E+14
4686 17	 1.391750E+14
4686 18	 3.299440E+15
4686 19	 1.321910E+16
4686 20	 1.280370E+16
4686 21	 1.376640E+16
4686 22	 1.368960E+16
4686 23	 1.385570E+16
4686 24	 1.352830E+16
4686 25	 1.355660E+16
4688 0  2.721140E+15
4688 1  1.387400E+16
4688 2  1.400220E+16
4688 3  1.021100E+16
4688 4  1.404110E+16
4688 5  1.260690E+16
4688 6  1.397470E+16
4688 7  2.580790E+15
4688 8  1.881580E+14
4688 9  4.690100E+13
4688 10	 1.030770E+15
4688 11	 6.132070E+15
4688 12	 7.880180E+15
4688 13	 1.279700E+16
4688 14	 1.376800E+16
4688 15	 1.413120E+16
4688 16	 1.369590E+16
4688 17	 1.388860E+16
4688 18	 1.191360E+16
4688 19	 1.368280E+16
4688 20	 1.410710E+16
4688 21	 1.373590E+16
4688 22	 1.363970E+16
4688 23	 1.284600E+16
4688 24	 2.755520E+15
4689 0  9.314850E+13
4689 1  4.715600E+15
4689 2  1.371990E+16
4689 3  1.357470E+16
4689 4  1.384950E+16
4689 5  1.343330E+16
4689 6  9.412700E+15
4732 0  1.182110E+16
4732 1  1.473940E+16
4732 2  1.440630E+16
4732 3  9.269420E+15
4732 4  1.293620E+16
4732 5  8.744300E+15
4737 0  9.472700E+13
4737 1  4.266120E+15
4737 2  1.409940E+16
4737 3  1.521150E+16
4737 4  1.514190E+16
4737 5  1.532510E+16
4737 6  1.508510E+16
4737 7  1.485330E+16
4740 1  1.421910E+16
4740 2  1.611850E+16
4740 3  1.647300E+16
4740 4  1.574570E+16
4740 5  1.556580E+16
4740 6  1.613160E+16
4740 7  1.533200E+16
4740 8  1.592050E+16
4740 9  1.575760E+16
4740 10	 7.232090E+15
4740 12	 1.425990E+16
4740 13	 1.388490E+16
4740 14	 1.507490E+16
4740 15	 1.545910E+16
4740 16	 9.483990E+13
4740 17	 5.687010E+14
4740 18	 6.161050E+14
4740 19	 9.260650E+15
4740 20	 1.266760E+16
4740 21	 1.368170E+16
4740 22	 1.274520E+16
4740 23	 1.286790E+16
4740 24	 1.282690E+16
4740 25	 1.281730E+16
4740 26	 1.384000E+16
4740 27	 2.354050E+15
4740 28	 3.163010E+15
4740 29	 1.654770E+15
4740 30	 8.030500E+15
4740 31	 1.269140E+16
4740 32	 1.123380E+16
4740 33	 1.250670E+16
4740 34	 1.260370E+16
4740 35	 1.251780E+16
4740 36	 1.263610E+16
4740 37	 9.775860E+15
4742 0  1.071310E+15
4742 1  3.023570E+15
4742 2  7.409640E+15
4742 3  9.841040E+15
4742 4  1.113170E+16
4742 5  1.115450E+16
4742 6  1.111590E+16
4742 7  1.131800E+16
4742 10	 1.119610E+16
4742 11	 1.005840E+16
4742 12	 1.131000E+16
4742 13	 1.115000E+16
4742 14	 1.121550E+16
4742 15	 1.137130E+16
4742 16	 1.118760E+16
4742 17	 1.101950E+16
4742 18	 1.094990E+16
4742 19	 1.109460E+16
4742 20	 1.021390E+16
4742 21	 1.117870E+16
4742 22	 1.123110E+16
4742 23	 1.117080E+16
4742 24	 1.129210E+16
4742 25	 1.121370E+16
4742 26	 2.840550E+15
4742 27	 1.115230E+14
4742 28	 8.336030E+15
4742 29	 1.116670E+16
4742 30	 9.666270E+15
4742 31	 1.127920E+16
4742 32	 1.030690E+16
4742 33	 1.136010E+16
4742 34	 1.116700E+16
4742 35	 1.042060E+16
4742 36	 1.113290E+16
4742 37	 1.126900E+16
4742 38	 1.129060E+16
4742 39	 1.128330E+16
4742 40	 1.109910E+16
4742 41	 1.131730E+16
4742 42	 1.134020E+16
4742 43	 5.812690E+15
4742 44	 1.467100E+14
4742 45	 1.111700E+14
4742 46	 2.231900E+14
4742 47	 4.443340E+14
4742 48	 1.106740E+14
4742 49	 3.907620E+15
4742 50	 8.596500E+15
4742 51	 8.525040E+15
4742 52	 6.840410E+15
4742 53	 8.499260E+15
4742 54	 5.232380E+15
4742 55	 8.335040E+15
4742 56	 8.451140E+15
4742 57	 8.426810E+15
4742 58	 8.396900E+15
4742 59	 8.402690E+15
4742 60	 7.459920E+15
4742 61	 8.494310E+15
4742 62	 8.350280E+15
4742 63	 7.391750E+15
4742 64	 8.453880E+15
4742 65	 8.439100E+15
4742 66	 8.524440E+15
4742 67	 8.441490E+15
4742 68	 8.225100E+15
4742 69	 7.372910E+15
4742 70	 8.265500E+15
4742 71	 8.206590E+15
4742 72	 8.361880E+15
4742 73	 7.674600E+15
4742 74	 8.143960E+15
4742 75	 7.122270E+15
4742 76	 5.047420E+15
4742 77	 7.547130E+15
4742 78	 6.697660E+15
4742 79	 5.863340E+15
4742 80	 6.096880E+15
4742 81	 6.651840E+15
4742 82	 8.333310E+15
4742 83	 7.510690E+15
4742 84	 8.261470E+15
4742 85	 8.353740E+15
4742 86	 8.276750E+15
4742 87	 8.240500E+15
4742 88	 1.400340E+14
4743 0  4.969950E+15
4743 1  8.613000E+15
4743 2  7.500030E+15
4743 3  7.862620E+15
4743 17	 1.104610E+16
4743 18	 1.110100E+16
4743 19	 1.084940E+16
4743 20	 1.102550E+16
4743 21	 1.111810E+16
4743 22	 1.119050E+16
4743 23	 1.025450E+16
4743 24	 3.579950E+13
4743 25	 3.654380E+13
4788 0  3.779550E+15
4788 1  1.330080E+16
4788 2  1.342470E+16
4788 17	 1.265100E+16
4788 18	 1.334480E+16
4788 19	 1.300880E+16
4788 20	 1.263290E+16
4788 21	 1.303950E+16
4788 22	 1.306910E+16
4788 23	 1.317560E+16
4788 24	 1.326940E+16
4788 25	 1.280420E+16
4788 26	 1.313160E+16
4788 27	 1.325450E+16
4788 28	 1.210800E+16
4788 29	 1.337050E+16
4788 30	 1.326750E+16
4788 31	 1.348260E+16
4788 32	 1.277830E+16
4788 33	 1.139990E+16
4788 34	 1.338070E+16
4788 35	 1.172490E+16
4788 36	 1.235090E+16
4788 37	 1.216580E+16
4788 38	 1.345270E+16
4788 39	 1.332500E+16
4788 40	 1.336190E+16
4788 41	 1.343630E+16
4788 42	 3.078450E+15
4789 0  1.032090E+16
4789 1  1.324780E+16
4789 2  1.329060E+16
4789 3  1.334040E+16
4789 4  1.301390E+16
4789 5  1.327660E+16
4789 6  1.253170E+16
4789 7  1.316420E+16
4789 8  1.337030E+16
4789 9  1.331290E+16
4789 10	 1.329860E+16
4789 11	 1.322870E+16
4789 12	 1.347450E+16
4789 13	 1.348160E+16
4789 14	 1.298350E+16
4789 15	 1.277200E+16
4789 16	 1.320900E+16
4789 17	 1.272710E+16
4789 18	 1.329640E+16
4789 19	 1.197680E+16
4789 20	 6.538510E+13
4794 0  1.234270E+16
4794 1  1.172720E+16
4794 5  1.315640E+16
4794 6  1.306980E+16
4794 7  1.312070E+16
4794 8  1.320720E+16
4794 9  1.297920E+16
4794 10	 1.307770E+16
4794 11	 1.283210E+16
4794 12	 1.303830E+16
4794 13	 1.306280E+16
4794 14	 1.302330E+16
4794 15	 1.287090E+16
4794 21	 1.313690E+16
4794 22	 1.143040E+16
4794 23	 1.307220E+16
4794 24	 1.219310E+16
4794 25	 1.300470E+16
4794 26	 1.287500E+16
4794 27	 1.307540E+16
4794 28	 1.234350E+16
4794 29	 1.309320E+16
4794 30	 1.178630E+16
4794 31	 1.287570E+16
4794 40	 1.268330E+16
4794 41	 1.283820E+16
4794 42	 1.278340E+16
4794 43	 1.245690E+16
4794 44	 1.311350E+16
4794 45	 1.195540E+16
4794 46	 1.299000E+16
4794 47	 1.276720E+16
4794 48	 1.299480E+16
4794 49	 1.304170E+16
4794 50	 1.277990E+16
4794 51	 1.232830E+16
4794 52	 1.234720E+16
4794 53	 1.235950E+16
4794 54	 1.309090E+16
4794 55	 1.285670E+16
4794 56	 1.306580E+16
4794 57	 1.042150E+16
4794 58  1.298530E+16
4794 59  1.300400E+16
4794 60  1.314040E+16
4794 61  1.307270E+16
4794 62  1.297140E+16
4794 63  1.313460E+16
4794 64  1.291680E+16
4794 65  1.258020E+16
4794 66  1.241470E+16
4794 67  1.288710E+16
4794 68  1.310040E+16
4794 69  1.300090E+16
4794 70  1.258640E+16
4794 71	 1.273690E+16
4794 72	 1.272870E+16
4794 73	 1.280830E+16
4794 74	 1.088000E+16
4794 75	 1.277060E+16
4794 76  1.170660E+16
4794 77  1.268980E+16
4794 78  0.000000E+00
4795 0  0.000000E+00
4795 1  1.004620E+16
4795 2  1.174360E+16
4795 3  1.259870E+16
4795 4  1.232600E+16
4795 5  1.282960E+16
4795 6  1.224100E+16
4795 7  1.317070E+16
4795 8  1.308540E+16
4795 9  1.145780E+16
4795 10  1.264610E+16
4795 11  1.266120E+16
4795 12  1.197470E+16
4795 13  1.279300E+16
4795 14  1.275950E+16
4795 16  1.287910E+16
4795 17  1.272320E+16
4795 18  1.286590E+16
4795 19  1.278000E+16
4795 20  1.197870E+16
4795 21  1.306700E+16
4795 22  1.266200E+16
4795 23  1.212680E+16
4795 24  1.278860E+16
4795 25  4.810130E+15
4795 26  1.156190E+16
4795 27  1.227690E+16
4795 28  1.152880E+16
4795 29  1.119340E+16
4795 30  1.295260E+16
4795 31  1.307480E+16
4795 32  1.324830E+16
4795 33  1.329160E+16
4795 34  1.297230E+16
4795 35  1.295750E+16
4795 36  1.302600E+16
4795 37  5.303730E+15
4795 38  1.155980E+16
4795 39  1.323350E+16
4795 40  1.295780E+16
4795 41  1.310880E+16
4795 42  1.319560E+16
4795 43  1.244390E+16
4795 44  1.319040E+16
4795 45  1.303890E+16
4795 46  1.297780E+16
4795 47  1.296450E+16
4795 48  1.255790E+16
4795 49  1.273060E+16
4795 50  1.283740E+16
4795 51  1.280320E+16
4795 52  1.278860E+16
4795 53  1.303740E+16
4795 54  1.272810E+16
4795 55  1.217630E+16
4795 56	 1.227470E+16
4795 57	 1.280420E+16
4795 58	 1.283790E+16
4795 59	 1.239250E+16
4795 60	 1.310730E+16
4795 61	 1.265140E+16
4795 68	 1.248810E+16
4795 69	 1.310810E+16
4795 70	 1.290440E+16
4795 71	 1.289160E+16
4795 72	 1.284970E+16
4795 73	 1.264840E+16
4795 74	 1.305960E+16
4795 75	 1.312840E+16
4795 76  1.297290E+16
4795 77  1.298330E+16
4795 78  1.270330E+16
4795 79  1.281470E+16
4795 80  1.295480E+16
4795 81  1.319440E+16
4795 82  1.294350E+16
4795 83  1.282470E+16
4795 84  1.324370E+16
4795 85  1.314970E+16
4795 86  1.166980E+16
4795 87  1.225500E+16
4795 88  1.269330E+16
4795 89  1.316000E+16
4795 90  1.225760E+16
4795 91  1.333770E+16
4795 92  1.293310E+16
4795 93  1.252630E+16
4795 94  1.118510E+16
4795 95  9.943630E+15
4795 96  1.339920E+16
4795 97  1.330690E+16
4795 98  1.316190E+16
4795 99  1.211770E+16
4795 100  1.323560E+16
4795 101  1.309260E+16
4795 102  1.320330E+16
4795 103  1.315270E+16
4795 104  1.306250E+16
4795 105  1.176440E+16
4795 106  1.283580E+16
4795 107  1.323280E+16
4795 108  1.316770E+16
4795 109  1.289100E+16
4795 110  1.317370E+16
4795 111  1.302510E+16
4795 112  1.206540E+16
4795 113  1.203710E+16
4795 114  1.309690E+16
4795 115  1.329640E+16
4795 116  1.307740E+16
4795 117  1.322450E+16
4795 118  1.253650E+16
4795 119  1.314950E+16
4795 120  1.246420E+16
4795 121  1.294550E+16
4795 122  1.302370E+16
4795 123  1.278240E+16
4795 124  1.320980E+16
4795 125  1.304580E+16
4795 126  1.179010E+16
4795 127  1.283130E+16
4795 128  1.286710E+16
4795 129  1.305550E+16
4795 130  1.316400E+16
4795 131  1.252380E+16
4795 132  1.282310E+16
4795 133  8.778400E+15
4795 134  1.192810E+16
4796 0  1.635990E+15
4796 1  1.298210E+16
4796 2  1.208610E+16
4796 3  1.228640E+16
4796 4  1.260730E+16
4796 5  1.035500E+16
4798 0  0.000000E+00
4798 1  8.726930E+15
4798 2  1.440960E+16
4798 3  1.449510E+16
4798 4  1.376310E+16
4798 5  1.432150E+16
4798 6  1.306730E+16
4798 7  1.345620E+16
4798 8  1.417070E+16
4798 9  1.329700E+16
4798 10  1.341020E+16
4798 11  1.454380E+16
4798 12  1.390930E+16
4798 13  1.404340E+16
4798 14  1.432320E+16
4798 15  1.354000E+16
4798 16  1.428590E+16
4798 17  1.433690E+16
4798 18  1.441980E+16
4798 19  1.459670E+15
4799 0  1.782340E+14
4799 1  9.488920E+15
4799 2  1.419640E+16
4799 3  1.360280E+16
4799 4  1.445030E+16
4799 5  1.435570E+16
4799 6  1.469740E+16
4799 7  1.436580E+16
4799 8  3.377930E+15
4812 0  1.719550E+15
4812 1  1.354200E+16
4812 2  1.450540E+16
4812 3  1.468600E+16
4812 4  1.477070E+16
4812 5  1.370080E+16
4812 6  1.439270E+16
4812 7  1.400720E+16
4812 8  1.376800E+16
4812 9  1.334900E+16
4812 10  1.464020E+16
4812 11  1.422150E+16
4812 12  1.495520E+16
4812 13  1.383350E+16
4812 14  1.460490E+16
4812 15  1.475880E+16
4812 16  1.475360E+16
4812 17  6.728150E+15
4812 18  1.411500E+16
4812 19  1.508030E+16
4812 20  1.386350E+16
4812 21  1.478590E+16
4812 22  1.421190E+16
4812 23  1.461430E+16
4812 24  1.449220E+16
4812 25  1.470470E+16
4812 26  1.344100E+16
4812 27  1.466760E+16
4812 28  1.473860E+16
4812 29  1.454110E+16
4812 30  1.462870E+16
4812 31  1.474470E+16
4812 32  1.444830E+16
4812 33  1.417110E+16
4812 34  1.429500E+16
4812 35  1.447160E+16
4812 36  1.430520E+16
4812 37  1.483390E+16
4812 38  1.429300E+16
4812 39  1.438130E+16
4812 40  1.449680E+16
4812 41  7.713690E+15
4812 42  1.176460E+16
4812 43  1.228850E+16
4812 44  1.316010E+16
4812 45  1.213570E+16
4812 46  1.298450E+16
4812 47  1.317790E+16
4812 48  1.306000E+16
4812 49  1.274660E+16
4812 50  1.339370E+16
4812 51  1.271580E+16
4812 52  1.151580E+16
4812 53  9.835270E+15
4812 54  1.329460E+16
4812 55  1.307820E+16
4812 56  1.323620E+16
4812 57  1.256460E+16
4812 58  1.217390E+16
4812 59  1.097800E+16
4812 60  1.303960E+16
4812 61  1.318070E+16
4812 62  1.267540E+16
4812 63  1.169600E+16
4812 64  1.318960E+16
4812 65  1.314760E+16
4812 66  1.301260E+16
4812 67  1.308350E+16
4812 68  1.296830E+16
4812 69  1.287800E+16
4812 70  1.281230E+16
4812 71  2.191750E+14
4813 0  9.472470E+15
4813 1  1.342380E+16
4813 2  1.415240E+16
4813 3  1.431460E+16
4813 4  1.445060E+16
4813 5  1.438290E+16
4813 6  1.392540E+16
4813 7  1.450290E+16
4813 8  1.431240E+16
4813 9  1.442300E+16
4813 10  1.346430E+16
4813 11  1.421550E+16
4813 12  1.422620E+16
4813 13  1.365440E+16
4813 14  1.425630E+16
4813 15  1.405480E+16
4813 16  1.462060E+16
4813 17  1.467320E+16
4813 18  1.388980E+16
4813 19  1.444280E+16
4813 20  1.458830E+16
4813 21  1.463700E+16
4813 22  1.436490E+16
4813 23  1.452270E+16
4813 24  1.388200E+16
4813 25  1.459810E+16
4813 26  1.251200E+16
4813 27  1.436630E+16
4813 28  1.451430E+16
4813 29  1.440890E+16
4813 30  1.445470E+16
4813 31  1.438240E+16
4813 32  1.432270E+16
4813 33  1.462930E+16
4813 34  1.429780E+16
4813 35  1.472910E+16
4813 36  1.459100E+16
4813 37  1.408930E+16
4813 38  1.426500E+16
4813 39  1.385590E+16
4813 40  1.068640E+16
4813 41  0.000000E+00
4814 0  1.310470E+16
4814 1  1.451970E+16
4814 2  1.449210E+16
4814 3  1.449840E+16
4814 4  1.457300E+16
4814 5  1.455410E+16
4814 6  1.323340E+16
4814 7  1.465470E+16
4814 8  1.461230E+16
4814 9  1.380390E+16
4814 10  1.366440E+16
4814 11  1.458760E+16
4814 12  1.397440E+16
4814 13  1.365230E+16
4814 14  1.359430E+16
4814 15  1.354700E+16
4814 16  1.336040E+16
4814 17  1.381520E+16
4814 18  1.445030E+16
4814 19  1.380210E+16
4814 20  1.421400E+16
4814 21  1.451430E+16
4814 22  1.434150E+16
4814 23  1.436600E+16
4814 24  1.273630E+16
4814 25  1.446070E+16
4814 26  1.443210E+16
4814 27  1.360320E+16
4814 28  1.390890E+16
4814 29  1.417740E+16
4814 30  1.437430E+16
4814 31  1.354730E+16
4814 32  1.409440E+16
4814 33  1.365960E+16
4814 34  1.050100E+16
4814 35  1.195120E+16
4814 36  1.273850E+16
4814 37  1.374800E+16
4814 38  1.304860E+16
4814 39  1.415860E+16
4814 40  1.425770E+16
4814 41  1.411340E+16
4814 42  1.361120E+16
4814 43  1.410360E+16
4814 44  1.413560E+16
4814 45  1.410960E+16
4814 46  1.418440E+16
4814 47  1.305610E+16
4814 48  1.444550E+16
4814 49  1.428980E+16
4814 50  1.427950E+16
4814 51  1.237050E+16
4814 52  1.033370E+16
4814 53  1.241010E+16
4814 54  1.441620E+16
4814 55  1.388240E+16
4814 56  1.397510E+16
4814 57  1.456790E+16
4814 58  1.076360E+16
4814 59  0.000000E+00
4816 0  0.000000E+00
4816 1  1.107920E+16
4816 2  1.358000E+16
4816 3  1.367980E+16
4816 4  1.368880E+16
4816 5  1.421500E+16
4816 6  1.427610E+16
4816 7  1.409160E+16
4816 8  2.354140E+15
4817 0  2.063600E+14
4817 1  7.481110E+14
4817 2  3.929340E+14
4817 3  3.311100E+15
4817 4  7.260270E+15
4817 5  0.000000E+00
4818 0  8.992910E+15
4818 1  1.411200E+16
4818 2  1.273950E+16
4818 3  1.347440E+16
4818 4  1.410820E+16
4818 5  1.345110E+16
4818 6  1.402220E+16
4818 7  1.429570E+16
4818 8  1.311520E+16
4818 9  1.452320E+16
4818 10  1.403770E+16
4818 11  1.468050E+16
4818 12  1.455740E+16
4818 13  1.351590E+16
4818 14  1.452460E+16
4818 15  1.274110E+16
4818 16  1.265290E+16
4818 17  1.434450E+16
4818 18  1.447980E+16
4818 19  1.440200E+16
4818 20  1.433060E+16
4818 21  0.000000E+00
4818 22  0.000000E+00
4818 23  0.000000E+00
4818 24  3.530270E+15
4818 25  1.377620E+16
4818 26  1.411210E+16
4818 27  1.409720E+16
4818 28  1.402180E+16
4818 29  1.450920E+16
4818 30  1.456640E+16
4818 31  1.436070E+16
4818 32  1.442930E+16
4818 33  1.927610E+15
4819 0  1.923770E+15
4819 1  1.321010E+16
4819 2  1.369400E+16
4819 3  1.378380E+16
4819 4  1.363440E+16
4819 5  1.426810E+16
4819 6  1.438610E+16
4819 7  2.072650E+15
4979 0  2.01877E+15
4979 1  1.53673E+16
4979 2  1.65210E+16
4979 3  1.65363E+16
4979 4  3.32273E+15
4979 5  0.00000E+00
4979 6  0.00000E+00
4980 0  0.00000E+00
4980 1  0.00000E+00
4980 2  1.46852E+16
4980 3  1.41238E+16
4980 4  1.25916E+16
4980 5  2.92818E+15
4980 6  0.00000E+00
4980 7  1.07757E+16
4980 8  1.75520E+16
4980 9  1.74878E+16
4980 10  1.71130E+16
4980 11  1.74619E+16
4980 12  1.66632E+16
4980 13  1.68594E+16
4980 14  1.73819E+16
4980 15  1.73792E+16
4980 16  1.74083E+16
4980 17  1.67950E+16
4980 18  1.62017E+16
4980 19  5.04246E+15
4989 4  1.44834E+14
4989 5  2.07927E+14
4989 6  6.10762E+14
4989 7  3.09548E+14
4989 8  1.15876E+15
4989 9  6.21358E+15
4989 10  4.96780E+15
4989 11  2.04647E+14
4989 12  2.09331E+15
4989 13  1.51252E+16
4989 14  2.00553E+16
4989 15  2.00039E+16
4989 16  2.00126E+16
4989 17  1.95086E+16
4989 18  2.02117E+16
4989 19  2.03323E+16
4989 20  2.01639E+16
4989 21  1.92906E+16
4989 22  2.04285E+16
4989 23  2.02038E+16
4989 24  1.99369E+16
4989 25  2.02909E+16
4989 26  2.01767E+16
4989 27  2.02231E+16
4989 28  1.99666E+16
4989 29  1.88103E+16
4989 30  1.93960E+16
4989 31  1.94613E+16
4989 32  1.97570E+16
4989 33  1.97745E+16
4989 34  1.95634E+16
4989 35  1.87196E+16
4989 36  1.88168E+16
4989 37  1.98301E+16
4989 38  1.96430E+16
4989 39  1.72819E+16
4989 40  1.88332E+16
4989 41  1.98454E+16
4989 42  2.00914E+16
4989 43  1.10685E+16
4990 0  9.04188E+15
4990 1  1.72472E+16
4990 2  1.65645E+15
4990 3  1.29221E+16
4990 4  1.30913E+16
4990 5  1.40926E+16
4990 6  1.12187E+16
4990 9  1.40400E+16
4990 10  1.41033E+16
4990 11  1.27403E+16
4990 12  1.38466E+16
4990 13  1.37200E+16
4990 14  1.41925E+16
4990 15  1.41568E+16
4990 16  1.47203E+16
4990 17  1.42318E+16
4990 18  1.45832E+16
4990 19  1.45310E+16
4990 20  1.44736E+16
4990 21  1.44485E+16
4990 22  1.37985E+16
4990 23  1.36217E+16
4990 24  1.44345E+16
4990 25  1.38086E+16
4990 26  1.42334E+16
4990 27  1.37182E+16
4990 28  1.43241E+16
4990 29  1.41478E+16
4990 30  1.43012E+16
4990 31  1.40964E+16
4990 32  1.43595E+16
4990 33  1.44063E+16
4990 35  1.37209E+16
4990 36  1.44222E+16
4990 37  1.44671E+16
4990 38  1.44268E+16
4990 39  1.28895E+16
4990 40  0.00000E+00
4990 41  0.00000E+00
4990 42  0.00000E+00
4990 43  0.00000E+00
4990 44  0.00000E+00
4990 45  2.46227E+15
4990 46  1.03696E+16
4990 47  1.48871E+16
4990 48  1.11057E+16
4990 49  1.77487E+16
4990 50  1.85537E+16
4990 51  1.85407E+16
4990 52  1.76334E+16
4990 53  1.85122E+16
4990 54  1.79015E+16
4990 55  1.91653E+16
4990 56  1.86712E+16
4990 57  1.86569E+16
4990 58  1.86197E+16
4990 59  1.82404E+16
4990 60  1.81661E+16
4990 61  1.86958E+16
4990 62  1.11259E+16
4990 63  9.92563E+15
4990 64  1.44716E+16
4990 65  1.30662E+16
4990 66  1.26897E+16
4990 67  1.32594E+16
4990 68  1.44439E+16
4990 69  1.39587E+16
4990 70  1.36323E+16
4990 71  1.35607E+16
4990 72  1.37972E+16
4990 73  1.28302E+16
4990 74  1.29977E+16
4990 75  1.42238E+16
4990 76  1.41405E+16
4990 77  1.42884E+16
4990 78  1.41435E+16
4990 79  1.42269E+16
4990 80  1.44052E+16
4990 81  1.39753E+16
4990 82  1.45206E+16
4990 83  1.36896E+16
4990 84  5.75380E+15
5012 0  0
5012 1  0
5012 2  8.48519E+13
5012 3  1.20623E+16
5012 4  2.02336E+16
5012 5  2.04516E+16
5012 6  1.61094E+16
5012 7  1.91816E+16
5012 8  2.00744E+16
5012 9  2.00721E+16
5012 10  2.01062E+16
5012 11  2.02004E+16
5012 12  1.94232E+16
5012 13  1.91290E+16
5012 14  1.95666E+16
5012 15  1.98812E+16
5012 16  1.98563E+16
5012 17  2.03943E+16
5012 18  2.03055E+16
5012 19  1.99547E+16
5012 20  1.92109E+16
5012 21  1.97373E+16
5012 22  1.87018E+16
5012 23  1.97048E+16
5012 24  1.94757E+16
5012 25  2.01368E+16
5012 26  2.04417E+16
5012 27  2.05013E+16
5012 28  2.04494E+16
5012 29  1.96836E+16
5013 0  1.74790E+16
5013 1  2.03460E+16
5013 2  2.01460E+16
5013 3  2.00563E+16
5013 4  2.02609E+16
5013 5  2.03705E+16
5013 6  1.45088E+16
5020 0  1.52706E+16
5020 1  2.00626E+16
5020 2  1.92259E+16
5020 3  2.02160E+16
5022 0  5.09835E+15
5022 1  1.56135E+16
5022 2  1.47785E+16
5022 3  8.83688E+15
5022 4  1.47485E+16
5022 5  1.51665E+16
5022 6  1.53748E+16
5022 7  1.48945E+16
5024 0  4.30470E+14
5024 1  1.26328E+16
5024 2  1.40113E+16
5024 3  1.43678E+16
5024 4  1.42753E+16
5024 5  1.43958E+16
5024 6  1.56092E+16
5024 7  1.45678E+16
5024 8  1.56993E+16
5024 9  1.55211E+16
5024 10  1.35728E+16
5024 11  1.39336E+16
5024 12  1.56171E+16
5024 13  1.55745E+16
5024 14  1.43573E+16
5024 15  1.38038E+16
5024 16  2.71139E+15
5028 0  5.55238E+15
5028 1  1.44682E+16
5028 2  1.74943E+16
5028 3  1.73665E+16
5028 4  1.61923E+16
5028 5  1.65337E+16
5028 6  1.77194E+16
5028 7  1.76066E+16
5028 8  1.74288E+16
5028 9  1.74277E+16
5028 10  1.76846E+16
5028 11  1.61278E+16
5028 12  1.76937E+16
5028 13  1.39459E+16
5028 14  8.49451E+15
5028 15  1.73660E+16
5028 16  1.43698E+16
5028 17  1.73726E+16
5028 18  1.73927E+16
5028 19  1.71069E+16
5028 20  1.72116E+16
5028 21  1.72363E+16
5028 22  1.72633E+16
5028 23  1.71332E+16
5028 24  1.74581E+16
5028 25  1.72360E+16
5028 26  1.72910E+16
5028 27  1.67004E+16
5028 28  1.68665E+16
5028 29  1.66403E+16
5028 30  1.74702E+16
5028 31  1.72645E+16
5028 32  1.73298E+16
5028 33  4.77977E+15
5029 0  8.85373E+15
5029 1  1.32705E+16
5029 2  1.61780E+16
5029 3  1.70108E+16
5029 4  1.68046E+16
5029 5  1.72439E+16
5029 6  1.71658E+16
5029 7  1.70160E+16
5029 8  1.70771E+16
5029 9  1.64528E+16
5029 10  1.64160E+16
5029 11  1.47727E+16
5029 12  1.47454E+16
5029 13  1.28977E+16
5029 14  1.63563E+16
5029 15  1.68707E+16
5029 16  7.78196E+14
5029 17  1.05952E+16
5029 18  1.54463E+16
5029 19  1.52035E+16
5029 20  1.17712E+16
5029 21  1.65237E+16
5029 22  1.57487E+16
5029 23  9.25227E+15
5029 24  1.47832E+16
5029 25  1.30949E+16
5029 26  7.25692E+15
5029 27  4.87516E+15
5029 28  1.27244E+16
5029 29  1.41151E+16
5029 30  1.40184E+16
5029 31  1.47717E+16
5029 32  1.40544E+16
5029 33  1.27540E+16
5029 34  1.49085E+16
5029 35  1.38901E+16
5029 36  1.47278E+16
5029 37  1.37316E+16
5029 38  1.34190E+16
5029 39  1.36556E+16
5029 40  1.26669E+16
5029 41  1.35598E+16
5029 42  1.36255E+16
5029 43  1.44177E+16
5029 44  8.88615E+15
5029 45  0.00000E+00
5030 0  1.01654E+15
5030 1  5.41810E+15
5030 2  1.52323E+16
5030 3  1.68411E+16
5030 4  1.67650E+16
5030 5  1.70154E+16
5030 6  1.58955E+16
5030 7  1.57340E+16
5030 8  1.70436E+16
5030 9  1.62611E+16
5030 10  1.60043E+16
5030 11  1.68139E+16
5030 12  1.69161E+16
5030 13  1.68534E+16
5030 14  1.67964E+16
5030 15  1.70036E+16
5030 16  1.66193E+16
5030 17  1.55127E+16
5030 18  1.62769E+16
5030 19  1.66645E+16
5030 20  1.71557E+16
5030 21  1.61646E+16
5030 22  1.70746E+16
5030 23  1.69753E+16
5030 24  1.71675E+16
5030 25  1.57152E+16
5030 26  1.65982E+16
5030 27  1.76138E+16
5030 28  6.36892E+15
5031 0  0.00000E+00
5031 1  4.79672E+15
5031 2  1.67887E+16
5031 3  1.69751E+16
5031 4  1.64272E+16
5031 5  1.70531E+16
5031 6  1.71334E+16
5031 7  1.69740E+16
5031 8  1.05076E+16
5031 9  2.60386E+15
5062 0  0.00000E+00
5062 1  1.86356E+14
5062 2  3.49585E+15
5062 3  1.00673E+16
5062 4  1.00254E+16
5062 5  1.00357E+16
5062 6  1.04427E+16
5062 7  1.13720E+16
5062 8  1.05348E+16
5062 9  1.02879E+16
5062 10  1.17776E+16
5062 11  1.09163E+16
5062 12  3.38888E+15
5062 13  3.53447E+15
5062 14  5.36838E+15
5062 15  9.29067E+15
5062 16  1.02638E+16
5062 17  1.03416E+16
5062 18  1.02437E+16
5062 19  1.03790E+16
5062 20  1.00812E+16
5062 21  1.02969E+16
5062 22  1.03102E+16
5062 23  1.03200E+16
5062 24  9.23526E+15
5062 25  9.88962E+15
5062 26  8.52124E+15
5062 27  8.46671E+15
5062 28  5.62645E+14
5062 29  0.00000E+00
5063 0  0.00000E+00
5063 1  8.36084E+13
5063 2  0.00000E+00
5063 3  1.12463E+15
5063 4  5.07309E+14
5063 5  0.00000E+00
5063 6  0.00000E+00
5063 7  2.86193E+13
5063 8  3.74024E+15
5063 9  3.82710E+15
5063 10  7.13582E+15
5063 11  1.39745E+16
5063 12  1.43149E+16
5063 13  1.22978E+16
5068 0  8.11294E+15
5068 1  1.36833E+16
5068 2  1.38269E+16
5068 3  1.38596E+16
5068 4  1.24243E+16
5068 5  1.38398E+16
5068 6  1.39717E+16
5068 7  1.37326E+16
5068 8  6.15567E+15
5068 9  1.90712E+15
5069 0  9.80667E+15
5069 1  1.39374E+16
5069 2  1.39812E+16
5069 3  1.40411E+16
5069 4  1.18946E+16
5069 5  1.44392E+16
5069 6  1.36465E+16
5069 7  1.41222E+16
5069 8  1.28577E+16
5069 9  1.33415E+16
5069 10  1.43518E+16
5069 11  1.41051E+16
5069 12  1.40841E+16
5069 13  1.16660E+16
5069 14  1.26805E+16
5069 15  1.18683E+16
5069 16  1.32308E+16
5069 17  1.33376E+16
5069 18  1.32814E+16
5069 19  1.38553E+16
5069 20  1.20215E+16
5069 21  1.28881E+16
5069 22  1.37201E+16
5069 23  1.38770E+16
5069 24  1.39859E+16
5069 25  1.38674E+16
5069 26  1.42081E+16
5069 27  1.35349E+16
5069 28  1.40608E+16
5069 29  1.39246E+16
5069 30  1.43263E+16
5069 31  1.40923E+16
5069 32  1.27166E+16
5069 33  1.26681E+16
5069 34  1.43855E+16
5069 35  1.34490E+16
5069 36  1.30434E+16
5069 37  1.41778E+16
5069 38  1.43741E+16
5069 39  1.34828E+16
5069 40  1.41669E+16
5069 41  1.43119E+16
5069 42  1.36922E+16
5069 43  1.46485E+16
5069 44  1.33543E+16
5069 45  1.42064E+16
5069 46  1.40771E+16
5069 47  1.43767E+16
5069 48  1.42116E+16
5069 49  1.42119E+16
5069 50  1.32853E+16
5069 51  1.42948E+16
5069 52  1.40965E+16
5069 53  1.40597E+16
5069 54  1.41949E+16
5069 55  1.44013E+16
5069 56  1.43499E+16
5069 57  9.85066E+15
5069 58  1.43143E+16
5069 59  1.33494E+16
5069 60  1.08019E+16
5069 61  0.00000E+00
5070 0  2.02503E+15
5070 1  1.43131E+16
5070 2  1.33859E+16
5070 3  1.41826E+16
5070 4  1.26712E+16
5070 5  1.38599E+16
5070 6  1.39679E+16
5070 7  1.19332E+16
5070 8  1.39890E+16
5070 9  1.33648E+16
5070 10  1.41235E+16
5070 11  1.32440E+16
5070 12  1.39960E+16
5070 13  1.28763E+16
5070 14  1.40280E+16
5070 15  1.37797E+16
5070 16  1.40156E+16
5070 17  1.42564E+16
5070 18  1.38292E+16
5070 19  1.41715E+16
5070 20  1.40742E+16
5070 21  1.30836E+16
5070 22  1.41191E+16
5070 23  1.31991E+16
5070 24  1.20715E+16
5070 25	 1.33745E+16
5070 26  1.39050E+16
5070 27  1.37001E+16
5070 28  1.37479E+16
5070 29  1.31696E+16
5070 30  1.39978E+16
5070 31  1.16170E+16
5070 32  1.38053E+16
5070 33  1.41502E+16
5070 34  1.25252E+16
5070 35  1.39167E+16
5070 36  1.15321E+16
5070 37  1.36536E+16
5070 38  1.34945E+16
5070 39  1.26735E+16
5070 40  1.37962E+16
5070 41  1.39345E+16
5070 42  1.36901E+16
5070 43  1.30407E+16
5070 44  1.26616E+16
5070 45  1.26770E+16
5070 46  1.31671E+16
5070 47  1.34518E+16
5070 48  1.37475E+16
5070 49  1.35778E+16
5070 50  1.34122E+16
5070 51  1.34394E+16
5070 52  1.35778E+16
5070 53  1.35963E+16
5070 54  1.35873E+16
5070 55  1.36125E+16
5070 56  1.37415E+16
5070 57  1.29065E+16
5070 58  1.39122E+16
5070 59  1.38147E+16
5070 60  1.38327E+16
5070 61  1.38173E+16
5070 62  1.37301E+16
5070 63  1.35227E+16
5070 64  1.39979E+16
5070 65  1.36847E+16
5070 66  1.34730E+16
5070 67  1.29610E+16
5070 68  1.38133E+16
5070 69  1.39829E+16
5070 70  1.39365E+16
5070 71  1.28597E+16
5070 72  1.40219E+16
5070 73  1.33085E+16
5070 74  1.39297E+16
5070 75  1.09544E+16
5070 76  1.31293E+14
5070 77  4.27580E+14
5070 78  7.22363E+14
5070 79  4.61421E+15
5070 80  1.12683E+16
5070 82  1.19432E+16
5070 83  1.12658E+16
5070 84  1.04518E+16
5070 85  1.01470E+16
5070 86  1.17206E+16
5070 87  9.18207E+15
5070 88  1.07270E+16
5070 89  1.10431E+16
5070 90  1.17698E+16
5070 91  1.07313E+16
5070 92  1.11173E+16
5070 93  1.18363E+16
5070 94  1.10080E+16
5070 95  1.03978E+16
5070 96  1.09103E+16
5070 97  1.11225E+16
5070 98  1.16929E+16
5070 99  1.00383E+16
5070 100  9.90359E+15
5070 101  1.18788E+16
5070 102  1.19372E+16
5070 103  1.05085E+16
5070 104  1.18629E+16
5070 105  1.09193E+16
5070 106  1.04163E+16
5070 107  0.00000E+00
5087 0  6.40071E+15
5087 1  1.36658E+16
5087 2	1.05977E+16
5087 3	7.09568E+15
5090 0	4.03218E+15
5090 1	1.35149E+16
5090 2	1.27857E+16
5090 3	1.35581E+16
5090 4	1.29129E+16
5090 5	1.38097E+16
5090 6	1.38988E+16
5090 7	1.29820E+16
5090 8	1.28740E+16
5090 9	1.40695E+16
5090 10	 1.11644E+16
5090 11	 0.00000E+00
5090 12	 0.00000E+00
5090 13	 0.00000E+00
5090 14	 0.00000E+00
5090 15	 1.35621E+16
5090 16	 1.38079E+16
5090 17	 1.36421E+16
5090 18	 1.29026E+16
5090 19	 1.35605E+16
5090 20	 1.38550E+16
5090 21	 1.28578E+16
5090 22	 1.28577E+16
5090 23	 9.68154E+15
5090 24	 1.36647E+16
5090 25	 1.39271E+16
5090 26	 5.67309E+14
5102 1	2.61290E+14
5102 2	1.07449E+16
5102 3	1.39868E+16
5102 4	1.37814E+16
5102 5	1.41751E+16
5102 6	1.39028E+16
5102 7	1.33520E+16
5102 8	1.33120E+16
5102 9	1.39913E+16
5102 10	 1.39071E+16
5102 11	 4.94962E+15
5102 12	 9.76294E+15
5102 13	 1.42488E+16
5102 14	 1.41200E+16
5102 15	 1.33475E+16
5102 16	 1.43038E+16
5102 17	 1.39430E+16
5102 18	 1.33215E+16
5102 19	 1.13498E+16
5102 20	 1.41709E+16
5102 21	 1.33434E+16
5102 22	 1.39042E+16
5102 23	 1.42340E+16
5102 24	 1.41099E+16
5102 25	 1.41511E+16
5102 26	 1.43053E+16
5102 27	 1.34171E+16
5102 28	 1.39784E+16
5102 29	 1.30700E+16
5102 30	 1.41046E+16
5102 31	 1.42783E+16
5102 32	 1.42626E+16
5102 33	 1.43428E+16
5102 34	 1.17191E+16
5104 1  5.11274E+15
5104 2  1.45418E+16
5104 3  1.45023E+16
5104 4  1.45957E+16
5104 5  1.43337E+16
5104 6  5.86495E+15
5106 0  2.45209E+15
5106 1  1.43294E+16
5106 2  1.41681E+16
5106 3  1.39630E+16
5106 4  1.43323E+16
5106 5  1.44271E+16
5106 6  1.44064E+16
5106 7  1.41801E+16
5106 8  1.23530E+16
5106 9  1.29538E+16
5106 10	 1.44893E+16
5106 11	 1.40803E+16
5106 12	 1.42546E+16
5106 13	 1.45131E+16
5106 14	 1.42282E+16
5106 15	 1.43607E+16
5106 16	 1.43046E+16
5106 17	 1.36131E+16
5106 18	 1.44591E+16
5106 19	 1.42710E+16
5106 20	 1.44708E+16
5106 21	 1.44164E+16
5106 22	 1.42924E+16
5106 23	 1.42320E+16
5106 24	 1.45207E+16
5106 25	 1.40150E+16
5106 26	 1.35853E+16
5106 27	 1.43358E+16
5106 28	 1.37896E+16
5106 29	 1.43852E+16
5106 30	 1.42303E+16
5106 31	 1.45091E+16
5106 32	 1.44638E+16
5106 33	 3.02611E+15
5114 0  4.77771E+13
5114 1  1.92414E+16
5114 2  2.05618E+16
5114 3  1.27013E+16
5115 1  1.72222E+16
5115 2  1.80319E+16
5115 3  1.89573E+16
5115 4  2.00247E+16
5115 5  2.03498E+16
5115 6  1.71456E+16
5115 7  1.90889E+16
5115 8  1.92497E+16
5115 9  5.88122E+15
